temp = [15.75 16.0 16.25 16.5 16.75 17.0 17.25 17.5 17.75 18.0 ...
    18.25 18.5 18.75 19.0 19.5 19.75 20.0 20.25 20.5 20.75 ...
    21.0 21.25 21.5 21.75 22.0 22.25 22.5 22.75 23.0 23.25 ...
    23.5 23.75 24.0 24.25 24.5 24.75 25.0 25.25 25.5 25.75 ...
    26.0 26.25 26.5 26.75 27.0 27.25 27.5 28.0 28.25 28.5 ...
    28.75 29.25 29.5 29.75 30.0 30.25 30.5 30.75 31.0 31.25 ...
    31.5 31.75 32.0 32.25 32.5 32.75 33.0 33.25 33.5 33.75 ...
    34.0 34.25 34.5 34.75 35.0 35.25 35.5 35.75 36.0 36.25 ...
    36.5 36.75 37.0 37.25 37.5 37.75 38.0 38.25 38.5 38.75 ...
    39.0 39.25 39.5 39.75 40.0 40.25 40.5 40.75 41.0 41.25 ...
    41.5 41.75 42.0 42.25 42.5 42.75 43.0 43.25 43.5 43.75 ...
    44.0 44.25 44.5 44.75 45.0 45.25 45.5 45.75 46.0 46.25 ...
    46.5 46.75 47.0 47.25 47.5 47.75 48.0 48.25 48.5 48.75 ...
    49.0 49.25 49.5 49.75 50.0 50.5 50.75 51.25 51.5 52.0 ...
    52.25 52.75 53.25 53.75 54.5 55.25 56.0 56.25 56.5 56.75 ...
    57.0 57.25 57.5 57.75 58.0 58.25 58.5 58.75 59.0 59.25 ...
    59.5 59.75 60.0 60.25 60.5 60.75 61.0 61.25 61.5 61.75 ...
    62.0 62.25 62.5 62.75 63.0 63.25 63.5 63.75 64.25 64.5 ...
    64.75 65.0 65.25 65.5 65.75 66.0 66.25 66.5 66.75 67.0 ...
    67.25 67.5 67.75 68.0 68.25 68.5 68.75 69.0 69.25 69.5 ...
    69.75 70.0 70.25 70.5 70.75 71.0 71.25 71.5 71.75 72.0 ...
    72.25 72.5 72.75 73.0 73.25 73.5 73.75 74.0 74.25 74.5 ...
    74.75 75.0 75.25 75.5 75.75 76.0 76.25 76.5 76.75 77.0 ...
    77.25 77.5 77.75 78.0 78.25 78.5 78.75 79.0 79.25 79.5 ...
    79.75 80.0 80.25 80.5 80.75 81.0 81.25 81.5 81.75 82.0 ...
    82.25 82.5 82.75 83.0 83.25 83.5 83.75 84.0 84.25 84.5 ...
    84.75 85.0 85.25 85.5 85.75 86.0 86.25 86.5 86.75 87.0 ...
    87.25 87.5 87.75 88.0 88.25 88.5 88.75 89.0 89.25 89.5 ...
    89.75 90.0 90.25 90.5 90.75 91.0 91.25 91.5 91.75 92.0 ...
    92.25 92.5 92.75 93.0 93.25 93.5 93.75 94.0 94.25 94.5 ...
    94.75 95.0 95.25 95.5 95.75 96.0 96.25 96.5 96.75 97.0 ...
    97.25];

R = [75717.63 74345.06 72102.98 70343.55 68802.84 67466.05 66320.79 65303.66 64565.5 64044.0 ...
    63321.83 62507.59 61904.55 61307.94 60815.6 60327.59 59555.65 58936.35 58700.02 58370.87 ...
    57764.85 57165.57 56709.09 56301.58 55852.42 55495.81 55185.74 54136.34 52980.51 52265.83 ...
    51602.18 51110.07 50622.7 50220.13 49781.0 49345.71 48875.15 48602.71 48139.14 47756.15 ...
    47451.9 47149.53 46774.21 46401.77 46032.18 45665.42 45228.98 44868.31 44439.1 44084.37 ...
    43732.3 43452.53 43174.42 42966.93 43105.16 42657.41 41774.71 40776.87 39961.75 39415.78 ...
    38939.5 38593.45 38218.99 37940.21 37693.88 37448.93 37084.06 36542.42 35889.49 35333.46 ...
    34899.55 34669.93 34470.03 34186.09 33847.86 33568.08 33373.33 33014.06 32657.88 32169.7 ...
    31554.25 31131.52 30869.53 30583.28 30299.05 29914.68 29458.26 29056.91 28709.03 28511.62 ...
    28315.19 28071.03 27828.39 27587.24 27347.59 27038.25 26754.89 26450.25 26124.87 25940.18 ...
    25733.47 25573.47 25436.87 25278.12 25120.04 25007.52 24872.95 24672.0 24516.45 24361.54 ...
    24207.28 24075.56 23900.66 23770.03 23596.56 23510.14 23273.51 23059.71 22720.21 22258.51 ...
    21947.06 21699.83 21576.85 21495.09 21393.16 21271.23 21149.71 21028.61 20907.91 20787.63 ...
    20627.88 20468.85 20350.05 20231.65 20074.4 19917.85 19761.99 19606.83 19452.36 19260.23 ...
    19107.29 18879.14 18652.49 18389.95 18129.4 17907.64 17723.95 17577.7 17395.78 17287.1 ...
    17178.77 16998.98 16766.7 16483.01 16254.28 16096.85 16044.53 16061.96 15974.91 15818.8 ...
    15680.66 15525.93 15423.19 15269.67 15083.01 14914.25 14763.11 14679.44 14579.33 14413.16 ...
    14280.84 14165.51 14050.58 13952.4 13854.53 13805.7 13692.06 13514.3 13433.82 13417.75 ...
    13337.52 13241.51 13161.73 13129.87 13002.76 12907.76 12828.82 12687.21 12593.16 12499.39 ...
    12390.35 12250.71 12173.4 12142.53 12065.49 11988.64 11911.98 11789.72 11698.34 11607.22 ...
    11531.5 11425.81 11335.5 11260.44 11200.53 11140.73 11110.88 11021.49 10902.71 10784.4 ...
    10651.84 10534.49 10446.78 10373.88 10315.69 10243.1 10156.23 10084.03 9983.24 9925.79 ...
    9868.46 9796.95 9739.86 9626.01 9540.9 9484.3 9399.6 9343.27 9287.04 9230.92 ...
    9174.91 9119.0 9077.14 9063.2 9035.33 8951.91 8896.42 8841.03 8771.95 8703.03 ...
    8634.27 8551.97 8456.24 8374.44 8306.44 8265.72 8184.45 8089.92 8009.14 7915.17 ...
    7861.62 7794.81 7741.47 7688.24 7648.38 7568.81 7502.68 7449.88 7397.18 7331.44 ...
    7252.75 7213.49 7174.28 7122.08 7069.98 6992.0 6953.09 6901.3 6836.69 6797.99 ...
    6746.48 6720.76 6669.38 6605.3 6566.91 6541.35 6490.3 6426.62 6375.78 6312.35 ...
    6261.72 6198.55 6148.11 6097.77 6060.07 6034.97 5984.83 5947.28 5897.3 5847.4 ...
    5785.16 5760.3 5735.46 5685.85 5661.08 5636.34 5611.61 5562.22 5525.24 5451.42 ...
    5402.32 5316.6 5231.14 5145.94 5061.01 4988.42 4891.93 4759.8 4604.47 4438.17 ...
    4261.12];

