temp = [17.5 20.0 25.0 30.0 35.0 40.0 45.0 50.0 55.0 60.0 ...
    65.0 70.0 75.0 80.0 85.0 90.0 95.0];

r = [68465.8 61307.94 48992.37 40875.68 34612.72 28808.11 23748.3 19761.99 16465.36 13659.66 ...
    11350.53 9768.39 8510.9 7754.8 6630.91 5698.25 5012.6];

